[2 -1 -1 1 -1][-1 0][5] -> -1 (8)
[1 1 -1 4 4][2 -1][10] -> -1 (2)
[0 0 0 -1 -1][1 0][5] -> 1 (10)
[-1 -1 -1 3 -1][-1 -1][10] -> 1 (3)
[4 -1 1 -1 -1][-1 0][0] -> 1 (8)
[-1 -1 0 -1 1][0 0][10] -> -1 (2)
[-1 1 4 1 3][0 2][-10] -> -1 (8)
[3 0 4 4 0][1 3][-10] -> 1 (5)
[-1 3 4 -1 -1][1 -1][5] -> -1 (2)
[-1 -1 -1 -1 -1][0 2][-10] -> 0 (7)
[-1 3 0 0 3][2 0][10] -> -1 (2)
[-1 -1 -1 0 -1][-1 4][0] -> -1 (2)
[0 0 -1 0 4][2 -1][0] -> 1 (6)
[0 -1 -1 -1 -1][-2 4][-10] -> -1 (6)
[2 1 2 3 0][-2 -1][0] -> 1 (2)
[2 1 3 0 3][-1 2][5] -> 0 (6)
[4 2 1 3 3][0 3][5] -> 0 (9)
[-1 -1 4 -1 -1][0 -1][0] -> 1 (4)
[-1 2 1 -1 -1][0 4][5] -> -1 (5)
[-1 2 -1 4 0][1 -1][-10] -> 0 (6)
[1 0 -1 -1 0][0 -1][5] -> 0 (1)
[0 0 -1 -1 2][0 -1][10] -> 1 (9)
[-1 3 1 -1 -1][-1 1][10] -> 0 (5)
[-1 -1 -1 2 0][1 -1][5] -> 0 (7)
[1 -1 1 -1 -1][-2 2][0] -> 1 (5)
[0 -1 -1 4 0][2 2][5] -> -1 (9)
[-1 -1 3 2 0][1 0][-10] -> 0 (5)
[-1 0 -1 -1 2][-2 1][5] -> -1 (6)
[1 0 0 0 -1][0 1][0] -> 1 (10)
[4 -1 -1 3 -1][0 -1][10] -> 0 (2)
